2 0.5417235578125 0.0051514421875 0.5091009609375 0 0.47132451875000003 0.07555048125 0.4764759609375 0.11246634687499998 0.5236947109375001 0.030906250000000003 0.5417235578125 0.0051514421875
2 0.185439903125 0.21205288437499997 0.1450889421875 0.1399375 0.135646634375 0.17599519218749998 0.1777139421875 0.2515456734375 0.185439903125 0.21205288437499997
2 0.431834134375 0.31765144218749997 0.372596153125 0.37774759687500004 0.372596153125 0.3983509609375 0.436127403125 0.3485576921875 0.431834134375 0.31765144218749997
2 0.22235576875000002 0.49450480781249995 0.1880144234375 0.512533653125 0.1820048078125 0.5314206734375 0.2232139421875 0.5099591343750001 0.22235576875000002 0.49450480781249995
2 0.14714423125 0.13716105781250001 0.11320673125 0.0749423078125 0.0015 0.060802884375 0.0029134609375 0.14140384687500002 0.14007451875000002 0.1597860578125 0.14714423125 0.13716105781250001
2 0.44833173125 0.524603365625 0.398841346875 0.507634615625 0.39459855781250003 0.5274326921875 0.4440889421875 0.5500576921875 0.44833173125 0.524603365625
2 0.5176177890625 0.2361418265625 0.4341923078125 0.3139134609375 0.43560576875 0.3464375 0.5289302890625 0.26725 0.5176177890625 0.2361418265625
2 0.5798365390625 0.23048557656250002 0.5784230765625 0.188064903125 0.507721153125 0.24038461562500002 0.5105480765625 0.285634615625 0.5798365390625 0.23048557656250002
2 0.7198245187500001 0.111709134375 0.70851201875 0.055146634375 0.58690625 0.1654423078125 0.58690625 0.21351923125 0.7466923078125001 0.246040865625 0.8852668265625001 0.16685576875000002 0.7198245187500001 0.111709134375
2 0.9729350968749999 0.00565625 0.75376201875 0 0.7070985578125 0.04525 0.71558173125 0.118778846875 0.9192019234375 0.1654423078125 0.997596153125 0.10463701875 0.9729350968749999 0.00565625
2 0.12310576875000001 0.5783365390624999 0.12451923125 0.5387451921874999 0.0095048578125 0.6046683265625 0.0043269234375 0.6447956734375 0.12310576875000001 0.5783365390624999
2 0.1810793265625 0.517533653125 0.1259326921875 0.5387451921874999 0.13017548125 0.5656105765625 0.178252403125 0.535915865625 0.1810793265625 0.517533653125
2 0.5741802890625001 0.5769230765625 0.5162043265625 0.5557115390625 0.502064903125 0.586822115625 0.5798365390625 0.6221730765625 0.5741802890625001 0.5769230765625
2 0.5119615390625001 0.557127403125 0.45964423125 0.5387451921874999 0.45964423125 0.5656105765625 0.5091346156250001 0.5938918265625001 0.5119615390625001 0.557127403125
2 0.7198245187500001 0.6165168265625 0.603875 0.58540625 0.5897331734375 0.6391394234375001 0.72689423125 0.7041850968750001 0.7198245187500001 0.6165168265625
2 0.997596153125 0.7070144234375 0.9686923078125 0.714084134375 0.7283076921875 0.6278269234375 0.72548076875 0.7013581734375001 0.9771778843750001 0.835689903125 0.997596153125 0.8045817312500001 0.997596153125 0.7070144234375
1 0.9969735578125001 0.8173076921875 0.9701081734375 0.835689903125 0.3041009609375 0.4722860578125 0.2800625 0.4722860578125 0.007153846875 0.6546947109375 0.000084134375 0.992646634375 0.9969735578125001 0.992646634375 0.9969735578125001 0.8173076921875