2 0.52601923125 0.45107451875000004 0.5274326921875 0.41713701875 0.4763582890625 0.41848282656249997 0.4722860578125 0.45107451875000004 0.52601923125 0.45107451875000004
2 0.1470576921875 0.056560096875 0.0876706734375 0.0593894234375 0.089084134375 0.0862548078125 0.15130048125 0.0862548078125 0.1470576921875 0.056560096875
2 0.1979639421875 0.222002403125 0.1923076921875 0.20927644218750002 0.289875 0.20927644218750002 0.2828052890625 0.19655048125000002 0.17109615312499998 0.19655048125000002 0.16685576875000002 0.1979639421875 0.17251201875 0.223415865625 0.1979639421875 0.222002403125
2 0 0.1654423078125 0.049490384375 0.19089423125 0.0466634609375 0.1484735578125 0.0014134609375 0.12726201875 0 0.12019230781250001 0 0.1654423078125
2 0.5330889421875 0.18523798125 0.4270360578125 0.188064903125 0.41855288437500004 0.21493269218750002 0.5217764421875 0.21210336562499998 0.5330889421875 0.18523798125
2 0.755091346875 0.5373293265625 0.76357451875 0.483596153125 0.708427884375 0.4595576921875 0.7070144234375 0.46945673125000004 0.7055985578125 0.5048076921875 0.755091346875 0.5373293265625
2 0.818721153125 0.517533653125 0.75791826875 0.48925240312499996 0.74801923125 0.5387451921874999 0.81448076875 0.5910624999999999 0.818721153125 0.517533653125
2 0.9417427890625 0.58540625 0.81448076875 0.518947115625 0.8059951921874999 0.5896490390625 0.9346730765625001 0.691459134375 0.9417427890625 0.58540625
2 0.997596153125 0.625 0.9360865390625 0.5953052890625 0.9332572109375 0.7013581734375001 0.997596153125 0.7395360578125 0.997596153125 0.6363125000000001 0.997596153125 0.625
2 0.056458567187499996 0.469566771875 0.0523197109375 0.5316730765625 0.3322956734375 0.52601923125 0.4001706734375 0.4652139421875 0.395927884375 0.43551923124999997 0.31815625000000003 0.47369951875 0.056458567187499996 0.469566771875
1 0 0.997596153125 0.997596153125 0.9968894234375 0.997596153125 0.7565048078125 0.7070144234375 0.50905048125 0.7154975968749999 0.45814423125000003 0.7041850968750001 0.43269230781249995 0.52036298125 0.44541826875 0.4878389421875 0.4652139421875 0.397341346875 0.4666298078125 0.3337115390625 0.5274326921875 0.0480769234375 0.52601923125 0.0424206734375 0.49773798124999996 0 0.52601923125 0 0.997596153125