2 0.997596153125 0.1485793265625 0.9298509609375 0.131096153125 0.927665865625 0.14530048125 0.991040865625 0.1616923078125 0.997596153125 0.1485793265625
2 0.934221153125 0.2130456734375 0.9364062499999999 0.22725 0.997596153125 0.2447331734375 0.997596153125 0.22834374999999998 0.934221153125 0.2130456734375
2 0.8031033656250001 0.19665625 0.8009182687499999 0.21413942343749998 0.927665865625 0.22725 0.9211105765625 0.2108605765625 0.8031033656250001 0.19665625
2 0.9200168265625001 0.1267259609375 0.7921754812499999 0.1092427890625 0.7867139421875 0.125634615625 0.9243870187500001 0.1420240390625 0.9200168265625001 0.1267259609375
2 0.4611009609375 0.0032572109375 0.5037139421875 0.0677235578125 0.5069927890625 0.034942307812500004 0.47202884687499996 0 0.4611009609375 0.0032572109375
2 0.43487740312499995 0.5157331734375 0.427228365625 0.532125 0.4315985578125 0.5627187499999999 0.44034134687500004 0.596591346875 0.45673076874999996 0.63701923125 0.45782451875 0.6643365390625 0.4643798078125 0.6916514421875 0.46547115312500004 0.696021634375 0.51136298125 0.6741706734374999 0.5222908656249999 0.6610576921875 0.5266610578125 0.653408653125 0.5135480765625 0.6392043265625 0.509177884375 0.62609375 0.5048076921875 0.6359254812499999 0.49497355781249996 0.59440625 0.48732451875000005 0.5550697109375 0.4916947109375 0.553978365625 0.49388221093749995 0.528846153125 0.4916947109375 0.51136298125 0.48513942343750005 0.5059014421875 0.43487740312499995 0.5157331734375
2 0.997596153125 0.6315552890625 0.9932259609375 0.6413894234375 0.9648173078125 0.6293701921875 0.9582596156250001 0.646853365625 0.997596153125 0.6599639421875 0.997596153125 0.6315552890625
2 0.8992572109375001 0.6501322109375 0.9014423078125 0.6424831734375 0.9014423078125 0.6359254812499999 0.8905168265625001 0.622814903125 0.854459134375 0.6304639421875 0.8358822109374999 0.61298076875 0.822771634375 0.62390625 0.8500865390625 0.65559375 0.8992572109375001 0.6501322109375
2 0.45454567343749996 0.66870673125 0.4447115390625 0.6315552890625 0.3999134609375 0.64466826875 0.378060096875 0.653408653125 0.3889855765625 0.6861899031250001 0.45454567343749996 0.66870673125
2 0.2884615390625 0.7288028843750001 0.2764423078125 0.6785408656249999 0.060096153124999996 0.7222475968750001 0.052447115625 0.772509615625 0.2644230765625 0.7266177890625001 0.2884615390625 0.7288028843750001
2 0.38024519218749997 0.6949302890625 0.376966346875 0.665427884375 0.3179639421875 0.6741706734374999 0.309221153125 0.7145985578125 0.36276201874999997 0.7014855765625 0.38024519218749997 0.6949302890625
2 0.997596153125 0.3474639421875 0.946240384375 0.3398173078125 0.9451490390625 0.3572980765625 0.997596153125 0.36167067343750003 0.997596153125 0.3474639421875
2 0.9320360578125 0.3354447109375 0.8052884609375001 0.3299831734375 0.8020096156250001 0.3474639421875 0.934221153125 0.352927884375 0.9320360578125 0.3354447109375
2 0.7921754812499999 0.32342548125000004 0.6424831734375 0.32451923125 0.6392043265625 0.345278846875 0.79326923125 0.342002403125 0.7921754812499999 0.32342548125000004
2 0.5161201921874999 0.21493269218750002 0.47935576874999997 0.1809951921875 0.46945673125000004 0.19937740312500002 0.5132908656249999 0.2375576921875 0.5161201921874999 0.21493269218750002
2 0.4779423078125 0.16826923124999998 0.41572355781250003 0.0919110578125 0.40865384687499995 0.12019230781250001 0.4765264421875 0.19655048125000002 0.4779423078125 0.16826923124999998
2 0.3478509609375 0 0.345021634375 0.03959375 0.41572355781250003 0.12726201875 0.41855288437500004 0.0876706734375 0.3478509609375 0
2 0.3421947109375 0 0.3082572109375 0.0028269234375 0.3308822109375 0.022625 0.3421947109375 0.025451923437500003 0.345021634375 0.007069710937499999 0.3421947109375 0
2 0.3223990390625 0.26725 0.3209831734375 0.3167427890625 0.51470673125 0.43269230781249995 0.511877403125 0.386028846875 0.3223990390625 0.26725
2 0 0.16685576875000002 0.3223990390625 0.3223990390625 0.3238125 0.268665865625 0 0.079185096875 0 0.16685576875000002
1 0.997596153125 0.997596153125 0.818721153125 0.732466346875 0.8752836531250001 0.698528846875 0.92053125 0.76498798125 0.9445697109375001 0.749435096875 0.9488125000000001 0.7890264421875 0.9968894234375 0.841346153125 0.997596153125 0.6744903843750001 0.9671947109374999 0.651865384375 0.9346730765625001 0.64196875 0.9120480765625001 0.65328125 0.8639711531250001 0.6603509609375 0.825790865625 0.6278269234375 0.7664038468750001 0.6334831734375 0.74094951875 0.6165168265625 0.6603509609375 0.6094447109375001 0.657521634375 0.6221730765625 0.5444014421875 0.6320697109375 0.52601923125 0.6165168265625 0.523189903125 0.6165168265625 0.5161201921874999 0.6278269234375 0.5330889421875 0.6447956734375 0.5330889421875 0.6674206734375 0.4779423078125 0.698528846875 0.46945673125000004 0.687216346875 0.43551923124999997 0.6674206734375 0.42137980781250006 0.6843894234375 0.431278846875 0.7154975968749999 0.18382451875 0.9855769234375 0.15695673125 0.9855769234375 0.11594951875 0.9375 0.12019230781250001 0.8908365390625 0.0028269234375 0.964365384375 0 0.997596153125 0.195134615625 0.997596153125 0.997596153125 0.997596153125