2 0.8837668265625 0.4821826921875 0.78054326875 0.47935576874999997 0.7763004812500001 0.517533653125 0.8837668265625 0.52601923125 0.8837668265625 0.4821826921875
2 0.76923076875 0.45673076874999996 0.6886322109374999 0.49349519218750004 0.691459134375 0.5429855765625 0.77488701875 0.5033942312499999 0.76923076875 0.45673076874999996
2 0.82265625 0.2296875 0.11015625 0.0296875
2 0.74094951875 0.13009134687499999 0.6377259609375 0.0240384609375 0.530259615625 0.0593894234375 0.5316730765625 0.089084134375 0.647625 0.17392548125 0.732466346875 0.15695673125 0.74094951875 0.13009134687499999
2 0.742365384375 0.12726201875 0.63065625 0.0127259609375 0.63065625 0.050903846875000006 0.7451923078125 0.15837019218749998 0.742365384375 0.12726201875
2 0.904978365625 0.16119951875 0.9261874999999999 0.3704759609375 0.9799206734375 0.3704759609375 0.9572956734375 0.13433173125 0.904978365625 0.16119951875
2 0.971875 0.3859375 0.05625 0.1625
2 0.9171875 0.1484375 0.0265625 0.003125
2 0.743778846875 0.3478509609375 0.6433822109375 0.32946875000000003 0.6490384609375 0.367646634375 0.74094951875 0.3704759609375 0.743778846875 0.3478509609375
2 0.6363125000000001 0.32663942343749996 0.568439903125 0.3167427890625 0.5656105765625 0.3605769234375 0.64196875 0.3605769234375 0.6363125000000001 0.32663942343749996
2 0.5670240390625 0.3153269234375 0.4666298078125 0.30684374999999997 0.4652139421875 0.363403846875 0.5656105765625 0.363403846875 0.5670240390625 0.3153269234375
2 0.4652139421875 0.2474543265625 0.3153269234375 0.2319014421875 0.30684374999999997 0.3605769234375 0.46380048125 0.363403846875 0.4652139421875 0.2474543265625
2 0.15234375 0.33203125 0.30390625 0.1015625
1 0 0.997596153125 0.997596153125 0.997596153125 0.997596153125 0.4666298078125 0.9587115390625 0.4722860578125 0.9417427890625 0.45673076874999996 0.910634615625 0.46238701875 0.880939903125 0.523189903125 0.76357451875 0.511877403125 0.6292427890625001 0.5670240390625 0.528846153125 0.6165168265625 0.384615384375 0.6462115390625 0.3704759609375 0.6773197109375 0.246040865625 0.725396634375 0.23472836562500002 0.691459134375 0.0480769234375 0.743778846875 0.016968749999999998 0.7847860578125 0 0.7861995187499999 0 0.997596153125