2 0.9558822109375 0.07211538437500001 0.8880096156249999 0.0523197109375 0.89225 0.0820144234375 0.95446875 0.096153846875 0.9558822109375 0.07211538437500001
2 0.904978365625 0.13998798125 0.8979062499999999 0.18523798125 0.9686081734374999 0.19655048125000002 0.9742644234375 0.1597860578125 0.904978365625 0.13998798125
2 0.13009134687499999 0.21775961562499999 0.13716105781250001 0.1923076921875 0.094740384375 0.16826923124999998 0.0084831734375 0.24321153906249998 0.007069710937499999 0.261596153125 0.0975673078125 0.19937740312500002 0.13009134687499999 0.21775961562499999
2 0.18523798125 0.12584855781249998 0.18665144218750002 0.089084134375 0.11736538437499999 0.0410072109375 0.11453605781250001 0.0424206734375 0.014139423437500001 0.13716105781250001 0.022625 0.1597860578125 0.10463701875 0.067872596875 0.18523798125 0.12584855781249998
2 0 0.35209375 0.089084134375 0.27432211562500003 0.13291826874999998 0.2870480765625 0.13998798125 0.2488677890625 0.0876706734375 0.23472836562500002 0 0.3040168265625 0 0.35209375
2 0.1640625 0.4734375 0.1015625 0.03984375
2 0.16875 0.3828125 0.0921875 0.03515625
2 0.02421875 0.54296875 0.03671875 0.028125
2 0.025 0.4828125 0.040625 0.0265625
2 0.16015625 0.5640625 0.0875 0.05078125
2 0.1640625 0.659375 0.090625 0.06640625
2 0.71796875 0.56171875 0.0453125 0.08046875
2 0.88984375 0.43046875 0.134375 0.05546875
2 0.28125 0.1953125 0.11015625 0.0703125
2 0.08203125 0.628125 0.08125 0.05546875
2 0.08125 0.55 0.0765625 0.04140625
2 0.08125 0.47421875 0.075 0.0390625
2 0.084375 0.3953125 0.07890625 0.04296875
2 0.53515625 0.68359375 0.19375 0.06875
1 0.997596153125 0.997596153125 0.997596153125 0.81448076875 0.9572956734375 0.81589423125 0.9375 0.6999423078125 0.9261874999999999 0.691459134375 0.876697115625 0.7070144234375 0.848415865625 0.708427884375 0.8059951921874999 0.697115384375 0.7833701921875 0.6674206734375 0.78054326875 0.6320697109375 0.725396634375 0.6391394234375001 0.7225673078125 0.5953052890625 0.675903846875 0.59671875 0.657521634375 0.5910624999999999 0.6320697109375 0.5896490390625 0.6348990390625 0.6999423078125 0.6278269234375 0.7225673078125 0.523189903125 0.7169110578125 0.442591346875 0.697115384375 0.384615384375 0.738122596875 0.3223990390625 0.7466057687500001 0.31956971093750003 0.7126706734375 0.29694471093749997 0.702771634375 0.2757355765625 0.7225673078125 0.2531105765625 0.7169110578125 0.24038461562500002 0.6829759609375 0.20927644218750002 0.6999423078125 0.0424206734375 0.6292427890625001 0.0042427890625 0.6066177890625 0 0.592478365625 0.0014134609375 0.602375 0 0.997596153125 0.997596153125 0.997596153125