2 0.8 0.34375 0.06796875 0.03359375
2 0.80390625 0.44375 0.08046875 0.02265625
2 0.98359375 0.18359375 0.0328125 0.0453125
2 0.70078125 0.4203125 0.1203125 0.0328125
2 0.6953125 0.040625 0.06953125 0.075
2 0.64609375 0.196875 0.14453125 0.03359375
2 0.9671947109374999 0.1484735578125 0.8724543265625 0.12160576875 0.8752836531250001 0.1597860578125 0.960125 0.18665144218750002 0.9671947109374999 0.1484735578125
2 0.431278846875 0.025451923437500003 0.412896634375 0.2361418265625 0.44400480781249996 0.24321153906249998 0.46945673125000004 0.261596153125 0.48642548124999996 0.0155552890625 0.4779423078125 0.0014134609375 0.390271634375 0 0.431278846875 0.025451923437500003
2 0.46804326874999996 0.3888581734375 0.4708701921875 0.374716346875 0.43976201875000004 0.35209375 0.397341346875 0.35916346093749996 0.386028846875 0.378959134375 0.44117548125 0.3775456734375 0.46804326874999996 0.3888581734375
2 0.412896634375 0.46238701875 0.46238701875 0.47511298125 0.4666298078125 0.45673076874999996 0.4496610578125 0.45107451875000004 0.369060096875 0.44683173125 0.35916346093749996 0.442591346875 0.361990384375 0.45673076874999996 0.412896634375 0.46238701875
2 0.46380048125 0.5444014421875 0.3648197109375 0.5429855765625 0.363403846875 0.552884615625 0.46380048125 0.5557115390625 0.46380048125 0.5444014421875
2 0.9021490390625001 0.714084134375 0.9855769234375 0.692872596875 0.9855769234375 0.6603509609375 0.9177043265625 0.6773197109375 0.8979062499999999 0.6773197109375 0.8936658656249999 0.709841346875 0.9021490390625001 0.714084134375
2 0.79609375 0.62734375 0.06796875 0.02421875
2 0.60078125 0.0453125 0.0625 0.06484375
2 0.69921875 0.015625 0.05546875 0.02265625
2 0.79140625 0.20703125 0.0859375 0.02109375
2 0.78125 0.0765625 0.0609375 0.028125
2 0.5078125 0.49453125 0.0703125 0.040625
2 0.50234375 0.56328125 0.06484375 0.0328125
2 0.49765625 0.62890625 0.05625 0.02421875
2 0.503125 0.428125 0.06796875 0.05078125
2 0.8752836531250001 0.42844951875000004 0.9898197109375 0.43410576875 0.9841634609375 0.39168509687499997 0.8880096156249999 0.38320192343750004 0.8455889421875 0.414310096875 0.8342764421875 0.4100673078125 0.8314471156250001 0.453903846875 0.8752836531250001 0.42844951875000004
2 0.48076923125000004 0.65328125 0.47369951875 0.6235865390625001 0.44683173125 0.6264134609374999 0.3662331734375 0.6278269234375 0.367646634375 0.65328125 0.45248798125 0.6660072109375 0.48076923125000004 0.65328125
2 0.3662331734375 0.6589375000000001 0.363403846875 0.6221730765625 0.339365384375 0.6320697109375 0.29553124999999997 0.6264134609374999 0.29836057656250004 0.657521634375 0.335125 0.67025 0.3662331734375 0.6589375000000001
2 0.414310096875 0.29694471093749997 0.3648197109375 0.24038461562500002 0.356334134375 0.2700793265625 0.40865384687499995 0.3167427890625 0.414310096875 0.29694471093749997
2 0.3605769234375 0.2361418265625 0.31815625000000003 0.1979639421875 0.3153269234375 0.22482932656250001 0.35775 0.26725 0.3605769234375 0.2361418265625
2 0.3125 0.216346153125 0.3139134609375 0.18523798125 0.263009615625 0.13433173125 0.26583653906250004 0.13716105781250001 0.2601802890625 0.1640264421875 0.3125 0.216346153125
2 0.263009615625 0.12301923125 0.19937740312500002 0.06504567343749999 0.1923076921875 0.10463701875 0.255939903125 0.1654423078125 0.263009615625 0.12301923125
2 0.200790865625 0.06504567343749999 0.12019230781250001 0 0.11453605781250001 0.033937499999999995 0.1923076921875 0.10463701875 0.200790865625 0.06504567343749999
2 0 0.5486418265624999 0.060802884375 0.5387451921874999 0.0862548078125 0.17109615312499998 0 0.11736538437499999 0 0.5486418265624999
1 0.997596153125 0.6942884609375 0.904978365625 0.725396634375 0.824377403125 0.6843894234375 0.8314471156250001 0.6433822109375 0.7508485578124999 0.6377259609375 0.74094951875 0.6037884609375 0.5769230765625 0.6052043265625 0.57975 0.625 0.5557115390625 0.6278269234375 0.49208173125 0.6447956734375 0.46380048125 0.6660072109375 0.38037259687499997 0.6546947109375 0.335125 0.6674206734375 0.3110865390625 0.6589375000000001 0.30684374999999997 0.7734735578125 0.0820144234375 0.8696274031250001 0.00565625 0.77064423125 0 0.997596153125 0.997596153125 0.997596153125 0.997596153125 0.6942884609375