2 0.5328533656250001 0.3902235578125 0.53044951875 0.40144230781249995 0.6418269234375 0.3878197109375 0.642627403125 0.37419951875 0.5328533656250001 0.3902235578125
2 0.76923076875 0.3173076921875 0.6594543265625 0.3309302890625 0.65705048125 0.34935817343750003 0.78044951875 0.33253125 0.78044951875 0.31810817343750003 0.76923076875 0.3173076921875
2 0.6594543265625 0.3709927890625 0.6594543265625 0.385415865625 0.7828533656250001 0.3717956734375 0.78125 0.35576923125 0.6594543265625 0.3709927890625
2 0.7868581734375 0.23637740312500002 0.7884615390625 0.2532043265625 0.90625 0.241185096875 0.908653846875 0.22836538437499998 0.7868581734375 0.23637740312500002
2 0.7980769234375 0.354165865625 0.7980769234375 0.3717956734375 0.9206730765625 0.365384615625 0.9190697109375 0.34455048125 0.7980769234375 0.354165865625
2 0.8921875 0.60390625 0.06015625 0.01796875
2 0.68125 0.6109375 0.0671875 0.0203125
2 0.6125 0.61015625 0.05546875 0.0203125
2 0.525 0.63984375 0.084375 0.03125
2 0.334375 0.6765625 0.2375 0.0828125
2 0.96328125 0.23359375 0.0734375 0.01640625
2 0.96484375 0.35234375 0.0703125 0.0140625
2 0.82734375 0.6078125 0.0640625 0.01796875
1 0 0.997596153125 0.997596153125 0.997596153125 0.997596153125 0.6052043265625 0.94315625 0.60803125 0.9389134609375 0.61934375 0.8979062499999999 0.6165168265625 0.80882451875 0.6207572109374999 0.719740384375 0.6235865390625001 0.5896490390625 0.625 0.57975 0.6348990390625 0.5373293265625 0.6603509609375 0.48501201875 0.6603509609375 0.45107451875000004 0.6744903843750001 0.43269230781249995 0.702771634375 0.3252259609375 0.719740384375 0.20220673125 0.6589375000000001 0.20503365312500002 0.79326923125 0.19655048125000002 0.8286201921874999 0.0523197109375 0.8371033656250001 0.016968749999999998 0.6674206734375 0 0.6674206734375 0 0.997596153125