2 0.8009951921875 0.2111947109375 0.8027139421875 0.23008173125 0.9186129812500001 0.25326201875 0.9134615390624999 0.23265865312499998 0.8009951921875 0.2111947109375
2 0.7417572109374999 0.20346875 0.6928221156250001 0.19402403906250001 0.6919639421875 0.216346153125 0.732314903125 0.2189206734375 0.7417572109374999 0.20346875
2 0.6790865390625 0.21462980781250002 0.6799447109375001 0.19917548125 0.6318677890625 0.1957427890625 0.631009615625 0.197459134375 0.6292932687499999 0.21291105781250003 0.6790865390625 0.21462980781250002
2 0.59666826875 0.193165865625 0.555459134375 0.193165865625 0.5563197109375 0.2086201921875 0.59666826875 0.20947836562500002 0.59666826875 0.193165865625
2 0.548591346875 0.19402403906250001 0.49450480781249995 0.19660096093749999 0.49708173125000005 0.21205288437499997 0.54944951875 0.2111947109375 0.548591346875 0.19402403906250001
2 0.49450480781249995 0.193165865625 0.44213701875 0.19660096093749999 0.4412764421875 0.21377163437500002 0.4962235578125 0.2103365390625 0.49450480781249995 0.193165865625
2 0.427540865625 0.200033653125 0.3768894234375 0.2086201921875 0.3751706734375 0.22063942343749998 0.423247596875 0.2180625 0.427540865625 0.200033653125
2 0.3734543265625 0.20346875 0.32709375 0.2111947109375 0.3262355765625 0.22750721093749998 0.372596153125 0.21978124999999998 0.3734543265625 0.20346875
2 0.3202259609375 0.2111947109375 0.28331009687500003 0.2189206734375 0.27901682656250004 0.2352331734375 0.31765144218749997 0.23008173125 0.3202259609375 0.2111947109375
2 0.3322451921875 0.05408653906250001 0.3339639421875 0.036057692187500004 0.294471153125 0.045502403125 0.2970456734375 0.061812500000000006 0.3322451921875 0.05408653906250001
2 0.337396634375 0.05151201875 0.387189903125 0.042067307812499996 0.38547355781250003 0.0240384609375 0.387189903125 0.0214639421875 0.3399735578125 0.034341346875 0.337396634375 0.05151201875
2 0.74765625 0.0328125 0.0515625 0.02421875
2 0.690625 0.02421875 0.0484375 0.02734375
2 0.64375 0.01875 0.04921875 0.0203125
2 0.5828125 0.015625 0.05390625 0.02109375
2 0.5265625 0.0140625 0.046875 0.02109375
2 0.4734375 0.01953125 0.04921875 0.01640625
2 0.4352668265625 0.036057692187500004 0.4352668265625 0.0154543265625 0.3914831734375 0.022322115625 0.390625 0.0403509609375 0.4352668265625 0.036057692187500004
2 0.997596153125 0.6584831734375001 0.997596153125 0.628435096875 0.94951923125 0.63959375 0.8980072109374999 0.623283653125 0.9014423078125 0.647322115625 0.9529543265625 0.668783653125 0.997596153125 0.6584831734375001
2 0.9109375 0.34140625 0.03671875 0.01640625
2 0.87109375 0.334375 0.040625 0.02109375
2 0.82265625 0.3265625 0.0484375 0.02265625
2 0.76953125 0.3234375 0.05078125 0.02109375
2 0.71328125 0.31953125 0.05390625 0.0171875
2 0.65390625 0.31640625 0.059375 0.021875
2 0.58984375 0.3140625 0.0640625 0.02109375
2 0.4015625 0.3171875 0.06171875 0.02265625
2 0.346875 0.32265625 0.05234375 0.02109375
2 0.29765625 0.32578125 0.0453125 0.01796875
2 0.52890625 0.31484375 0.059375 0.02109375
2 0.46484375 0.31484375 0.0609375 0.01796875
2 0.82734375 0.6046875 0.04609375 0.02421875
2 0.62265625 0.70078125 0.1875 0.06015625
2 0.73125 0.6796875 0.046875 0.0328125
2 0.4625 0.6234375 0.0828125 0.01953125
2 0.3890625 0.60859375 0.07265625 0.02265625
2 0.46640625 0.46796875 0.08515625 0.025
2 0.2997740390625 0.7734735578125 0.2941177890625 0.7070144234375 0.27432211562500003 0.7055985578125 0.26583653906250004 0.721153846875 0.135747596875 0.76498798125 0.03959375 0.6942884609375 0.0042427890625 0.7041850968750001 0.0113125 0.7777139421875 0.10463701875 0.858314903125 0.2997740390625 0.7734735578125
1 0 0.997596153125 0.997596153125 0.997596153125 0.997596153125 0.66459375 0.9841634609375 0.6730769234375 0.910634615625 0.6589375000000001 0.8851802890625 0.625 0.830033653125 0.6235865390625001 0.75933173125 0.6334831734375 0.7565048078125 0.697115384375 0.7282235578125 0.7070144234375 0.7225673078125 0.738122596875 0.530259615625 0.732466346875 0.49349519218750004 0.681560096875 0.500564903125 0.6405552890624999 0.43551923124999997 0.6433822109375 0.42137980781250006 0.625 0.361990384375 0.625 0.35775 0.59671875 0.285634615625 0.598134615625 0.3011875 0.7734735578125 0.10746634687500001 0.8597283656249999 0.025451923437500003 0.79892548125 0.0296947109375 0.79751201875 0 0.7833701921875 0 0.997596153125