2 0.1802884609375 0.7113197109375 0.13658173125 0.7298942312500001 0.1333052890625 0.7550264421875 0.1791947109375 0.7331730765625 0.1802884609375 0.7113197109375
2 0.115822115625 0.8020096156250001 0.11145192343749999 0.76923076875 0.04261298125 0.8096586531250001 0.005463942187499999 0.8063822109375 0 0.8402524031249999 0.0382427890625 0.844625 0.115822115625 0.8020096156250001
2 0.13658173125 0.7255240390625 0.096153846875 0.7462860578125 0.103802884375 0.7736009609375001 0.13767548125 0.75065625 0.13658173125 0.7255240390625
2 0.7757860578125 0.322334134375 0.7200600968749999 0.3605769234375 0.7222475968750001 0.378060096875 0.7746947109375 0.3365384609375 0.7757860578125 0.322334134375
2 0.372596153125 0.447990384375 0.30157451874999996 0.4611009609375 0.29392548125 0.46984375 0.3605769234375 0.46219471093750003 0.372596153125 0.447990384375
2 0.2567740390625 0.46328605781250004 0.1628052890625 0.47530528906249997 0.159528846875 0.48732451875000005 0.25786778906249996 0.46984375 0.2567740390625 0.46328605781250004
2 0.5463293265625 0.7648605765625 0.5485144234375 0.7430072109375 0.5168269234375 0.688375 0.5037139421875 0.6938365390625 0.490603365625 0.7451923078125 0.48841826875 0.78234375 0.5463293265625 0.7648605765625
2 0.8511802890625001 0.258959134375 0.7757860578125 0.3168701921875 0.7768798078125 0.3354447109375 0.8511802890625001 0.278627403125 0.8511802890625001 0.258959134375
2 0.9965024031249999 0.1322115390625 0.8577355765625001 0.24912499999999999 0.8577355765625001 0.272072115625 0.997596153125 0.1628052890625 0.9965024031249999 0.1322115390625
2 0.96484375 0.6921875 0.06953125 0.04296875
2 0.70078125 0.74765625 0.1015625 0.01953125
2 0.59609375 0.73125 0.09921875 0.028125
1 0.997596153125 0.997596153125 0.997596153125 0.714084134375 0.9671947109374999 0.7183269234375 0.9304302890624999 0.691459134375 0.9177043265625 0.6391394234375001 0.8851802890625 0.65328125 0.825790865625 0.6094447109375001 0.77488701875 0.6235865390625001 0.742365384375 0.6037884609375 0.76498798125 0.7565048078125 0.551471153125 0.749435096875 0.494908653125 0.7861995187499999 0.50198076875 0.854072115625 0.5274326921875 0.8653846156249999 0.5557115390625 0.997596153125 0.997596153125 0.997596153125
1 0.0466634609375 0.997596153125 0.17109615312499998 0.8894230765625 0.16261298125 0.8455889421875 0.193721153125 0.81023798125 0.18523798125 0.731052884375 0.10463701875 0.76923076875 0.12160576875 0.7946826921875 0.014139423437500001 0.8724543265625 0.00565625 0.8667980765625 0 0.997596153125 0.0466634609375 0.997596153125