2 0.8373389421875 0.294872596875 0.8341346156249999 0.3076923078125 0.8733966343749999 0.2996802890625 0.8733966343749999 0.2852572109375 0.8373389421875 0.294872596875
2 0.709134615625 0.3285264421875 0.7131418265625 0.3389423078125 0.8269230765625 0.31330048125 0.8277235578125 0.30048076875 0.709134615625 0.3285264421875
2 0.9198725968750001 0.111377403125 0.9214735578125 0.1290072109375 0.9615384609375001 0.11698798125000001 0.9623389421875 0.09535336562499999 0.9198725968750001 0.111377403125
2 0.8733966343749999 0.1290072109375 0.87419951875 0.146634615625 0.916665865625 0.1322115390625 0.9174687499999999 0.1121802890625 0.8733966343749999 0.1290072109375
2 0.8621802890625 0.13701923124999998 0.821314903125 0.14583413437499998 0.82451923125 0.165064903125 0.8717956734375001 0.14823798125 0.8701923078125 0.134615384375 0.8621802890625 0.13701923124999998
2 0.6546947109375 0.0014134609375 0.2488677890625 0 0.557127403125 0.176752403125 0.6009615390625 0.17251201875 0.6674206734375 0.21351923125 0.6546947109375 0.0014134609375
2 0.691459134375 0.93184375 0.687216346875 0.9290168265625001 0.6292427890625001 0.997596153125 0.6348990390625 0.997596153125 0.709841346875 0.997596153125 0.738122596875 0.9615384609375001 0.7466057687500001 0.9488125000000001 0.691459134375 0.93184375
2 0.6292427890625001 0.997596153125 0.42137980781250006 0.9445697109375001 0.356334134375 0.997596153125 0.6292427890625001 0.997596153125
2 0.73529326875 0.9389134609375 0.732466346875 0.997596153125 0.8045817312500001 0.997596153125 0.8371033656250001 0.9233605765625 0.835689903125 0.8667980765625 0.80316826875 0.8498293265625 0.81589423125 0.8795240390625001 0.7861995187499999 0.9375 0.73529326875 0.9389134609375
2 0.9459831734374999 0.657521634375 0.8696274031250001 0.6688341343750001 0.8724543265625 0.7070144234375 0.9459831734374999 0.6942884609375 0.9459831734374999 0.657521634375
2 0.8667980765625 0.6716634609375001 0.79751201875 0.6787331734375 0.7946826921875 0.7154975968749999 0.8639711531250001 0.702771634375 0.8667980765625 0.6716634609375001
2 0.3775456734375 0.8399326921875 0.378959134375 0.904978365625 0.431278846875 0.9120480765625001 0.4270360578125 0.8441730765625 0.3775456734375 0.8399326921875
2 0.31815625000000003 0.76923076875 0.3153269234375 0.7367091343750001 0.21210336562499998 0.78054326875 0.193721153125 0.76923076875 0.19089423125 0.80882451875 0.21068990312500002 0.81589423125 0.31815625000000003 0.76923076875
2 0.31815625000000003 0.5910624999999999 0.3209831734375 0.6207572109374999 0.378959134375 0.6122740390625 0.39168509687499997 0.5825793265625 0.31815625000000003 0.5910624999999999
2 0.31815625000000003 0.45814423125000003 0.3139134609375 0.48501201875 0.40865384687499995 0.483596153125 0.40582692343750004 0.4553173078125 0.31815625000000003 0.45814423125000003
2 0.18382451875 0.6151009609375 0.18665144218750002 0.6504519234374999 0.3139134609375 0.6292427890625001 0.31815625000000003 0.5995480765625001 0.18382451875 0.6151009609375
2 0.19655048125000002 0.824377403125 0.18948076875 0.7833701921875 0.0410072109375 0.841346153125 0.0042427890625 0.8342764421875 0 0.854072115625 0.035350960937499995 0.8851802890625 0.19655048125000002 0.824377403125
2 0.18948076875 0.6462115390625 0.18382451875 0.6165168265625 0.0410072109375 0.6462115390625 0.0028269234375 0.6405552890624999 0 0.6787331734375 0.033937499999999995 0.6843894234375 0.18948076875 0.6462115390625
2 0.1923076921875 0.45248798125 0.19089423125 0.49208173125 0.3026009609375 0.49066826875 0.30543028906249997 0.45673076874999996 0.1923076921875 0.45248798125
2 0 0.21210336562499998 0.289875 0.285634615625 0.2927043265625 0.2531105765625 0 0.1696826921875 0 0.21210336562499998
2 0 0.48642548124999996 0.03959375 0.49208173125 0.18240865312500001 0.4878389421875 0.18382451875 0.453903846875 0.0480769234375 0.44683173125 0 0.45673076874999996 0 0.48642548124999996
1 0.807408653125 0.854072115625 0.8399326921875 0.8611418265624999 0.8399326921875 0.9233605765625 0.8003389421874999 0.997596153125 0.997596153125 0.994060096875 0.997596153125 0.725396634375 0.9629519234374999 0.692872596875 0.7946826921875 0.719740384375 0.8003389421874999 0.8342764421875 0.807408653125 0.854072115625
1 0.42279326875 0.9459831734374999 0.419966346875 0.9035624999999999 0.369060096875 0.9021490390625001 0.3662331734375 0.8865961531250001 0.3761322109375 0.8554855765625 0.3817884609375 0.824377403125 0.3662331734375 0.8045817312500001 0.345021634375 0.79751201875 0.34078125 0.78054326875 0.3209831734375 0.7734735578125 0.038177884375 0.8865961531250001 0.00565625 0.8667980765625 0 0.997596153125 0.3704759609375 0.997596153125 0.42279326875 0.9459831734374999