2 0.7824927890625 0.33239423125 0.7742043265625 0.334052884375 0.7725456734375 0.34814423125 0.8720168265625 0.3763269234375 0.8720168265625 0.3033822109375 0.816478365625 0.2884615390625 0.783322115625 0.29923798125 0.7824927890625 0.33239423125
2 0.6084206734375 0.265252403125 0.57609375 0.266908653125 0.5711201921875 0.3191322109375 0.6092500000000001 0.32410576875 0.6084206734375 0.265252403125
2 0.83803125 0.20888701875 0.81067548125 0.19479326875 0.7733749999999999 0.220490384375 0.7725456734375 0.25033173125 0.8388605765625 0.27437019218750003 0.83803125 0.20888701875
2 0.29296875 0.48359375 0.153125 0.03984375
2 0.5859375 0.16875 0.04296875 0.07109375
2 0.7515625 0.6140625 0.071875 0.02578125
2 0.6499639421875 0.6268485578125 0.7156057687499999 0.6222259609374999 0.7156057687499999 0.605584134375 0.65088701875 0.605584134375 0.625 0.6018870187500001 0.625 0.6009615390625 0.620377403125 0.620377403125 0.6499639421875 0.6268485578125
2 0.7156057687499999 0.56120673125 0.7146826921875 0.5390168265625 0.6518125 0.540865384375 0.62407451875 0.540865384375 0.6231514421875 0.56028125 0.6545865390625 0.56120673125 0.7156057687499999 0.56120673125
2 0.7137572109375 0.49925961562500004 0.7156057687499999 0.4789206734375 0.6490384609375 0.4742980765625 0.621302884375 0.4789206734375 0.62407451875 0.5011105765625 0.6490384609375 0.4964855765625 0.7137572109375 0.49925961562500004
2 0.1534759609375 0.5972644234375 0.15440144218750002 0.5695264421874999 0.1294375 0.58709375 0.06564423124999999 0.5732259609375 0.069341346875 0.59911298125 0.1285144234375 0.609283653125 0.1534759609375 0.5972644234375
2 0.57230048125 0.6906442312500001 0.411427884375 0.68971875 0.41605048125 0.7359471156249999 0.42714423124999995 0.7377956734375 0.575997596875 0.73964423125 0.57230048125 0.6906442312500001
2 0.4178990390625 0.80436298125 0.41235096093749996 0.7442668265625 0.41235096093749996 0.6878701921875 0.2126490390625 0.6684543265625 0.15532451875 0.7183798078125 0.148853365625 0.7581370187500001 0.15717548125 0.774778846875 0.4178990390625 0.80436298125
1 0 0.997596153125 0.997596153125 0.997596153125 0.997596153125 0.6151009609375 0.9968894234375 0.6136874999999999 0.9785072109374999 0.592478365625 0.8724543265625 0.6037884609375 0.8569014421875 0.598134615625 0.8003389421874999 0.6108605765624999 0.7960961531249999 0.63065625 0.7338798078125001 0.6377259609375 0.702771634375 0.6264134609374999 0.6377259609375 0.6292427890625001 0.602375 0.6179302890625 0.574096153125 0.6221730765625 0.5769230765625 0.6942884609375 0.5825793265625 0.7451923078125 0.42137980781250006 0.75226201875 0.41855288437500004 0.8059951921874999 0.17251201875 0.78761298125 0.1484735578125 0.7777139421875 0.14988701875 0.73529326875 0.1315048078125 0.755091346875 0.0876706734375 0.75933173125 0.0862548078125 0.7451923078125 0.038177884375 0.742365384375 0.0424206734375 0.702771634375 0.21210336562499998 0.6348990390625 0.21068990312500002 0.5783365390624999 0.19655048125000002 0.5811658656249999 0.17533894218749999 0.6066177890625 0.135747596875 0.6037884609375 0.06504567343749999 0.5938918265625001 0 0.6094447109375001 0 0.997596153125