2 0.53046875 0.58359375 0.0453125 0.0296875
2 0.93203125 0.30234375 0.13046875 0.0453125
2 0.95703125 0.67265625 0.08125 0.040625
2 0.72734375 0.91171875 0.315625 0.15859375
2 0.575 0.79921875 0.08359375 0.06484375
2 0.60234375 0.47734375 0.0421875 0.02421875
2 0.51171875 0.125 0.4296875 0.25
2 0.9421875 0.15546875 0.040625 0.03671875
2 0.98125 0.1375 0.03359375 0.03515625
2 0.890625 0.16953125 0.0421875 0.01953125
2 0.503125 0.31796875 0.14140625 0.059375
2 0.28984375 0.25703125 0.24921875 0.08515625
2 0.4765625 0.590625 0.0703125 0.03515625
2 0.390625 0.60625 0.09296875 0.0453125
2 0.25859375 0.62265625 0.1671875 0.04921875
2 0.390625 0.734375 0.09296875 0.0578125
2 0.259375 0.7796875 0.165625 0.075
2 0.47265625 0.47265625 0.0734375 0.0265625
2 0.39140625 0.47265625 0.0875 0.03671875
2 0.25234375 0.471875 0.1765625 0.04921875
1 0 0.997596153125 0.997596153125 0.997596153125 0.997596153125 0.681560096875 0.9162884609375 0.6886322109374999 0.9261874999999999 0.7847860578125 0.9417427890625 0.8286201921874999 0.9162884609375 0.9021490390625001 0.8738677890625001 0.9021490390625001 0.820134615625 0.9813341343750001 0.598134615625 0.9473990390625 0.598134615625 0.9276009609375 0.6009615390625 0.9078052890625001 0.5783365390624999 0.8837668265625 0.6179302890625 0.835689903125 0.5373293265625 0.8314471156250001 0.5373293265625 0.7890264421875 0.506221153125 0.77488701875 0.47935576874999997 0.76357451875 0.4708701921875 0.7282235578125 0.2262451921875 0.8328629812499999 0.22058894218749997 0.7960961531249999 0.188064903125 0.79326923125 0.193721153125 0.8427596156250001 0.15837019218749998 0.852658653125 0.14423076875000002 0.7847860578125 0 0.8314471156250001 0 0.997596153125