2 0.462278846875 0.53254326875 0.464127403125 0.551959134375 0.517752403125 0.5501105765625 0.517752403125 0.526072115625 0.462278846875 0.53254326875
2 0.49754988750000007 0.6388677890625 0.4983365390625 0.6545865390625 0.5584326921875 0.6573605765625 0.5972644234375 0.628697115625 0.5963389421875 0.606509615625 0.55658173125 0.6388677890625 0.49754988750000007 0.6388677890625
2 0.571375 0.5205240390625 0.522375 0.5232980765625 0.5232980765625 0.54826201875 0.58616826875 0.541790865625 0.5926394234375 0.514978365625 0.571375 0.5205240390625
2 0.690625 0.84609375 0.08359375 0.0484375
2 0.8173076921875 0.868158653125 0.8367235578125 0.8431947109375001 0.8311754812500001 0.8247043265625 0.8182331734374999 0.8422716343750001 0.750740384375 0.8431947109375001 0.7516634609375 0.8441201921875001 0.7525889421875 0.8653846156249999 0.8173076921875 0.868158653125
2 0.8524399031250001 0.8247043265625 0.8376490390625 0.888497596875 0.9402740390625001 0.9005168265625001 0.9448966343749999 0.86908173125 0.8709326921875 0.8653846156249999 0.877403846875 0.8376490390625 0.8524399031250001 0.8247043265625
2 0.420040865625 0.14676201875 0.40991826875 0.13284374999999998 0.351721153125 0.154353365625 0.351721153125 0.177125 0.40232692343750004 0.154353365625 0.420040865625 0.14676201875
2 0.5630072109375 0.2340576921875 0.564271634375 0.22773317343750002 0.528846153125 0.22393749999999998 0.470646634375 0.24291586562499998 0.4719134609375 0.2694831734375 0.531377403125 0.251771634375 0.5630072109375 0.2340576921875
2 0.1290480765625 0.2201418265625 0.1315793265625 0.258096153125 0.160677884375 0.263158653125 0.24291586562499998 0.22646875 0.24038461562500002 0.1809206734375 0.07717548125 0.17080048125 0.00253125 0.21001923125 0.007591346875 0.25430048125 0.07717548125 0.213814903125 0.1290480765625 0.2201418265625
2 0.2783389421875 0.5402331734375 0.27201442343750004 0.49595192343749994 0.1100697109375 0.54276201875 0.00253125 0.5579447109375 0.0037956734375 0.5984302890625 0.11892788437499999 0.5959014421875 0.2783389421875 0.5402331734375
2 0.54276201875 0.0885625 0.511134615625 0.08603125 0.45419951875000003 0.1113365390625 0.45799519218749996 0.1391706734375 0.5351730765625 0.11260096093750001 0.5440288468750001 0.1037451921875 0.54276201875 0.0885625
1 0.9671947109374999 0.81448076875 0.9403269234374999 0.9021490390625001 0.8342764421875 0.8894230765625 0.8597283656249999 0.8059951921874999 0.8470024031250001 0.807408653125 0.8215504812500001 0.876697115625 0.6504519234374999 0.8597283656249999 0.651865384375 0.830033653125 0.6165168265625 0.8470024031250001 0.6037884609375 0.8215504812500001 0.44683173125 0.8045817312500001 0.453903846875 0.9120480765625001 0.47511298125 0.9191177890625 0.48501201875 0.9813341343750001 0.47511298125 0.994060096875 0.997596153125 0.997596153125 0.997596153125 0.8173076921875 0.9671947109374999 0.81448076875