2 0 0.5712668265625 0.0410072109375 0.568439903125 0.0424206734375 0.552884615625 0 0.552884615625 0 0.5712668265625
2 0.494908653125 0.7183269234375 0.44683173125 0.6957019234375 0.44683173125 0.725396634375 0.49349519218750004 0.755091346875 0.494908653125 0.7183269234375
1 0 0.997596153125 0.9968894234375 0.997596153125 0.997596153125 0.586822115625 0.95446875 0.5896490390625 0.9516394234375 0.79751201875 0.9346730765625001 0.80316826875 0.92053125 0.9488125000000001 0.698528846875 0.9558822109375 0.5656105765625 0.9290168265625001 0.5641971156250001 0.79326923125 0.44824759687500004 0.726810096875 0.44400480781249996 0.6490384609375 0.3987548078125 0.651865384375 0.395927884375 0.6730769234375 0.3421947109375 0.6942884609375 0.2319014421875 0.698528846875 0.233314903125 0.681560096875 0.15130048125 0.6546947109375 0.13998798125 0.6589375000000001 0.15837019218749998 0.719740384375 0.016968749999999998 0.73529326875 0.018382210937499997 0.72398076875 0 0.72398076875 0 0.997596153125
2 0.340625 0.32109375 0.05234375 0.015625
2 0.3390625 0.42421875 0.059375 0.0265625
2 0.03359375 0.228125 0.04609375 0.015625
2 0.08359375 0.26953125 0.05546875 0.02265625
2 0.43769951875 0.44771634687499995 0.3936298078125 0.4597355765625 0.3996394234375 0.47676201875 0.4336947109375 0.4597355765625 0.43769951875 0.44771634687499995
2 0.3175072109375 0.6931081734375 0.3125 0.6730769234375 0.272435096875 0.6810889421875 0.23938221093749998 0.6750793265625 0.2313701921875 0.69511298125 0.2704326921875 0.697115384375 0.3175072109375 0.6931081734375
2 0.14322836562500002 0.702122596875 0.0881418265625 0.704127403125 0.08613701875 0.7261610578125001 0.14423076875000002 0.7181490390625 0.14322836562500002 0.702122596875
2 0.5670240390625 0.7466057687500001 0.562783653125 0.7041850968750001 0.49208173125 0.7225673078125 0.49349519218750004 0.755091346875 0.562783653125 0.7904423078125 0.5670240390625 0.7466057687500001
2 0.084841346875 0.7013581734375001 0.026865384375000002 0.7041850968750001 0.016968749999999998 0.72963701875 0.0876706734375 0.73529326875 0.084841346875 0.7013581734375001