2 0.345021634375 0.6136874999999999 0.339365384375 0.5839927890625 0.22058894218749997 0.5387451921874999 0.21493269218750002 0.5769230765625 0.345021634375 0.6136874999999999
2 0.216346153125 0.34078125 0.090497596875 0.216346153125 0.1032235578125 0.18948076875 0.0197956734375 0.090497596875 0.0014134609375 0.1654423078125 0.21775961562499999 0.3888581734375 0.216346153125 0.34078125
1 0 0.997596153125 0.9898197109375 0.997596153125 0.992646634375 0.997596153125 0.975677884375 0.9629519234374999 0.8512451921874999 0.9162884609375 0.8455889421875 0.9841634609375 0.78761298125 0.9403269234374999 0.79892548125 0.8696274031250001 0.6589375000000001 0.7678173078125 0.657521634375 0.8059951921874999 0.625 0.7861995187499999 0.625 0.7621610578125 0.5953052890625 0.721153846875 0.5882355765625 0.742365384375 0.5500576921875 0.692872596875 0.436935096875 0.7070144234375 0.412896634375 0.714084134375 0.424209134375 0.74094951875 0.38037259687499997 0.7466057687500001 0.35350721093750004 0.7466057687500001 0.3337115390625 0.7565048078125 0.2361418265625 0.7833701921875 0.24038461562500002 0.8045817312500001 0.22907211562500002 0.8272067312500001 0.20503365312500002 0.81589423125 0.1654423078125 0.79751201875 0 0.830033653125 0 0.997596153125
2 0.34078125 0.6999423078125 0.22907211562500002 0.72398076875 0.222002403125 0.7664038468750001 0.3492644234375 0.732466346875 0.34078125 0.6999423078125
2 0.7664038468750001 0.6716634609375001 0.64196875 0.6957019234375 0.651865384375 0.738122596875 0.75791826875 0.7126706734375 0.7664038468750001 0.6716634609375001
2 0.6561081734374999 0.6942884609375 0.58540625 0.681560096875 0.58540625 0.7055985578125 0.6504519234374999 0.732466346875 0.6561081734374999 0.6942884609375
2 0.997596153125 0.75791826875 0.8399326921875 0.731052884375 0.8371033656250001 0.8045817312500001 0.997596153125 0.8569014421875 0.997596153125 0.75791826875
2 0.21068990312500002 0.5274326921875 0.16685576875000002 0.5048076921875 0.16119951875 0.5557115390625 0.20927644218750002 0.5670240390625 0.21068990312500002 0.5274326921875
2 0.15130048125 0.50198076875 0.0975673078125 0.4708701921875 0.0876706734375 0.518947115625 0.15695673125 0.5458149031249999 0.15130048125 0.50198076875
2 0 0.47369951875 0.08342788437500001 0.507634615625 0.0862548078125 0.4609735578125 0 0.407240384375 0 0.47369951875
2 0 0.8003389421874999 0.21493269218750002 0.7621610578125 0.216346153125 0.719740384375 0 0.72963701875 0 0.8003389421874999