2 0.8173076921875 0.994060096875 0.7904423078125 0.10887980781249999 0.6730769234375 0.2191730765625 0.5316730765625 0.339365384375 0.557127403125 0.743778846875 0.80316826875 0.997596153125 0.8173076921875 0.994060096875
2 0.176752403125 0.0042427890625 0 0.0028269234375 0.00565625 0.10887980781249999 0.0523197109375 0.14988701875 0.22907211562500002 0.32946875000000003 0.1979639421875 0.03959375 0.176752403125 0.0042427890625
2 0.40582692343750004 0.3662331734375 0.41713701875 0.3464375 0.43269230781249995 0.32805528906250003 0.4765264421875 0.31956971093750003 0.48501201875 0.339365384375 0.51470673125 0.3238125 0.540158653125 0.29694471093749997 0.57975 0.2644230765625 0.59671875 0.2319014421875 0.78761298125 0.0084831734375 0.4100673078125 0.0028269234375 0.395927884375 0.15130048125 0.40582692343750004 0.3662331734375
2 0.056560096875 0.24462740312500003 0.106052884375 0.9742644234375 0.285634615625 0.6674206734375 0.246040865625 0.3888581734375 0.056560096875 0.24462740312500003
2 0.6942884609375 0.367646634375 0.6957019234375 0.42986538437500005 0.801752403125 0.397341346875 0.807408653125 0.335125 0.6942884609375 0.367646634375
2 0.8045817312500001 0.2587668265625 0.691459134375 0.3125 0.687216346875 0.363403846875 0.8116514421875 0.3322956734375 0.8045817312500001 0.2587668265625
2 0 0.7763004812500001 0.0763581734375 0.725396634375 0.06928846093749999 0.6674206734375 0 0.6957019234375 0 0.7763004812500001
2 0.7070144234375 0.5444014421875 0.7070144234375 0.592478365625 0.81448076875 0.61934375 0.8116514421875 0.5458149031249999 0.7070144234375 0.5444014421875
2 0.702771634375 0.5953052890625 0.702771634375 0.6462115390625 0.813064903125 0.692872596875 0.8116514421875 0.6221730765625 0.702771634375 0.5953052890625
2 0.7126706734375 0.8696274031250001 0.7055985578125 0.9304302890624999 0.81023798125 0.997596153125 0.80882451875 0.9445697109375001 0.7126706734375 0.8696274031250001
2 0 0.697115384375 0.06928846093749999 0.663177884375 0.06504567343749999 0.6066177890625 0 0.6264134609374999 0 0.63065625 0 0.697115384375
2 0.0579759609375 0.541572115625 0.0014134609375 0.547228365625 0 0.6235865390625001 0.062216346874999995 0.598134615625 0.0579759609375 0.541572115625
2 0.060802884375 0.48642548124999996 0.0014134609375 0.4779423078125 0 0.540158653125 0.0636322109375 0.5316730765625 0.060802884375 0.48642548124999996
2 0.992646634375 0.9615384609375001 0.8512451921874999 0.854072115625 0.852658653125 0.9459831734374999 0.9403269234374999 0.997596153125 0.997596153125 0.997596153125 0.992646634375 0.9615384609375001
2 0.8597283656249999 0.7847860578125 0.8569014421875 0.858314903125 0.997596153125 0.9671947109374999 0.9968894234375 0.8554855765625 0.8597283656249999 0.7847860578125
2 0.8554855765625 0.714084134375 0.8554855765625 0.78054326875 0.997596153125 0.8597283656249999 0.994060096875 0.7565048078125 0.8554855765625 0.714084134375
2 0.79326923125 0.18240865312500001 0.78761298125 0.106052884375 0.681560096875 0.2036201921875 0.6858028843749999 0.2587668265625 0.79326923125 0.18240865312500001
2 0.9855769234375 0.6391394234375001 0.8441730765625 0.63065625 0.8470024031250001 0.702771634375 0.997596153125 0.75367548125 0.9855769234375 0.6391394234375001
2 0.997596153125 0.5458149031249999 0.8314471156250001 0.5458149031249999 0.8385192312499999 0.6235865390625001 0.997596153125 0.651865384375 0.997596153125 0.5458149031249999
2 0.997596153125 0.44683173125 0.8286201921874999 0.46804326874999996 0.8314471156250001 0.5373293265625 0.997596153125 0.5486418265624999 0.997596153125 0.44683173125
2 0.053733173437500004 0.414310096875 0.0014134609375 0.401584134375 0 0.46945673125000004 0.056560096875 0.48076923125000004 0.053733173437500004 0.414310096875
2 0 0.401584134375 0.0424206734375 0.402997596875 0.043834134375 0.34078125 0 0.32663942343749996 0 0.401584134375
2 0.8272067312500001 0.3888581734375 0.830033653125 0.46804326874999996 0.997596153125 0.44400480781249996 0.997596153125 0.3549206734375 0.8272067312500001 0.3888581734375
2 0.8286201921874999 0.2941177890625 0.8286201921874999 0.3874423078125 0.9954759609374999 0.35209375 0.9954759609374999 0.2319014421875 0.8286201921874999 0.2941177890625
1 0.5542980765625 0.731052884375 0.5557115390625 0.67025 0.518947115625 0.6829759609375 0.3549206734375 0.7154975968749999 0.31956971093750003 0.7013581734375001 0.345021634375 0.64196875 0.3945144234375 0.6264134609374999 0.38320192343750004 0.562783653125 0.356334134375 0.5641971156250001 0.35067788437499997 0.5458149031249999 0.32805528906250003 0.547228365625 0.32946875000000003 0.6108605765624999 0.3011875 0.6108605765624999 0.11594951875 0.994060096875 0.818721153125 0.997596153125 0.551471153125 0.743778846875 0.5542980765625 0.731052884375