2 0.22868990312499998 0.305353365625 0.1910072109375 0.3125 0.188408653125 0.3293918265625 0.22609134687500002 0.3254927890625 0.22868990312499998 0.305353365625
2 0.27026923125 0.2962572109375 0.27351923125 0.3125 0.317697115625 0.3047043265625 0.318346153125 0.28976201874999996 0.27026923125 0.2962572109375
2 0.41520913437500007 0.5222908656249999 0.41520913437500007 0.489509615625 0.345278846875 0.4731201921875 0.345278846875 0.49606730781249997 0.3889855765625 0.5233822109374999 0.41520913437500007 0.5222908656249999
2 0.4239519234375 0.251310096875 0.4239519234375 0.252403846875 0.366040865625 0.31140625 0.3704110578125 0.3365384609375 0.428322115625 0.28409134687500004 0.4239519234375 0.251310096875
2 0.07430048125 0.0469831734375 0.0491706734375 0.0043701921875 0.002185096875 0 0.06665144218749999 0.085228365625 0.07430048125 0.0469831734375
2 0.490603365625 0.2250865390625 0.532125 0.189028846875 0.5255673078124999 0.154064903125 0.48841826875 0.1606201921875 0.427228365625 0.246939903125 0.4239519234375 0.28409134687500004 0.490603365625 0.2250865390625
2 0.6020072109375 0.0710697109375 0.5246658656250001 0.136915865625 0.5309375000000001 0.18603605781250002 0.6051418265625 0.12541826875 0.6020072109375 0.0710697109375
2 0.46804326874999996 0.540158653125 0.407947115625 0.507634615625 0.407240384375 0.5387451921874999 0.46804326874999996 0.5839927890625 0.46804326874999996 0.540158653125
2 0.1307980765625 0.5910624999999999 0.1873581734375 0.5337956734375 0.1840149546875 0.5137272687500001 0.1251418265625 0.563490384375 0.1307980765625 0.5910624999999999
2 0.129384615625 0.557127403125 0.067872596875 0.6115673078125 0.0756514421875 0.6561081734374999 0.13433173125 0.5903557687500001 0.129384615625 0.557127403125
2 0.32169230781249997 0.4878389421875 0.32169230781249997 0.46945673125000004 0.31815625000000003 0.46945673125000004 0.200790865625 0.49208173125 0.1923076921875 0.49349519218750004 0.19655048125000002 0.5097572109375 0.32169230781249997 0.4878389421875
2 0.65328125 0 0.6009615390625 0.031108173437499997 0.6066177890625 0.12867548125 0.77488701875 0 0.65328125 0
2 0.625 0.680146634375 0.625 0.6066177890625 0.4666298078125 0.5330889421875 0.4666298078125 0.5882355765625 0.6066177890625 0.681560096875 0.625 0.680146634375
2 0.81448076875 0.7861995187499999 0.8215504812500001 0.6858028843749999 0.7833701921875 0.7013581734375001 0.6348990390625 0.6278269234375 0.6221730765625 0.709841346875 0.7734735578125 0.8045817312500001 0.81448076875 0.7861995187499999
2 0.997596153125 0.7833701921875 0.813064903125 0.7070144234375 0.80316826875 0.8173076921875 0.997596153125 0.9247740390624999 0.997596153125 0.7833701921875
1 0.997596153125 0.9403269234374999 0.6136874999999999 0.6829759609375 0.3888581734375 0.524603365625 0.3322956734375 0.47935576874999997 0.19089423125 0.511877403125 0.18665144218750002 0.5316730765625 0.0014134609375 0.760747596875 0 0.997596153125 0.997596153125 0.997596153125 0.997596153125 0.9403269234374999