1 0.698528846875 0.551471153125 0.7070144234375 0.6999423078125 0.5104639421875 0.9290168265625001 0.49632451875 0.9247740390624999 0.4991514421875 0.9615384609375001 0.44541826875 0.997596153125 0.9898197109375 0.9968894234375 0.997596153125 0.5755096156249999 0.9120480765625001 0.5613677890625001 0.8979062499999999 0.523189903125 0.824377403125 0.52036298125 0.7904423078125 0.5429855765625 0.7055985578125 0.5274326921875 0.698528846875 0.551471153125
2 0.50198076875 0.9233605765625 0.52601923125 0.9276009609375 0.6264134609374999 0.7960961531249999 0.6221730765625 0.725396634375 0.52601923125 0.8441730765625 0.4991514421875 0.8342764421875 0.50198076875 0.9233605765625
2 0.702771634375 0.702771634375 0.6999423078125 0.6546947109375 0.6207572109374999 0.731052884375 0.6221730765625 0.7946826921875 0.702771634375 0.702771634375
2 0.78761298125 0.5161201921874999 0.7013581734375001 0.5033942312499999 0.698528846875 0.5316730765625 0.79185576875 0.547228365625 0.820134615625 0.51470673125 0.81589423125 0.49632451875 0.78761298125 0.5161201921874999
2 0.45673076874999996 0.997596153125 0.49773798124999996 0.970021634375 0.49773798124999996 0.8781105765625 0.49349519218750004 0.8781105765625 0.3761322109375 0.997596153125 0.45673076874999996 0.997596153125
2 0.6617644234375 0.49349519218750004 0.61934375 0.49208173125 0.6165168265625 0.5217764421875 0.6589375000000001 0.5217764421875 0.6617644234375 0.49349519218750004
2 0.9360865390625 0.11736538437499999 0.9375 0.08342788437500001 0.8215504812500001 0.10039663437499999 0.818721153125 0.12867548125 0.9360865390625 0.11736538437499999
2 0.997596153125 0.5384615390625 0.9375 0.533653846875 0.9278846156249999 0.55048076875 0.9326923078125 0.5673076921875 0.997596153125 0.57451923125 0.997596153125 0.5384615390625
2 0.9587115390625 0.0919110578125 0.9558822109375 0.118778846875 0.9954759609374999 0.11453605781250001 0.997596153125 0.0876706734375 0.9587115390625 0.0919110578125
2 0.598134615625 0.10887980781249999 0.511877403125 0.12019230781250001 0.51470673125 0.1527139421875 0.6009615390625 0.13998798125 0.598134615625 0.10887980781249999
2 0.81023798125 0.0975673078125 0.7112548078125001 0.10887980781249999 0.709841346875 0.135747596875 0.80882451875 0.12584855781249998 0.81023798125 0.0975673078125