2 0.997596153125 0.154064903125 0.8380673078124999 0.177009615625 0.842439903125 0.20651201874999997 0.997596153125 0.178103365625 0.997596153125 0.154064903125
2 0.7648605765625 0.2108822109375 0.7561177890625 0.18465865312500002 0.721153846875 0.1802884609375 0.584572115625 0.2108822109375 0.5878485578125 0.24256971093750002 0.717875 0.2130673078125 0.7648605765625 0.2108822109375
2 0.501528846875 0.3507427890625 0.44252644218750004 0.352927884375 0.44252644218750004 0.376966346875 0.49825240312499997 0.37478125 0.501528846875 0.3507427890625
2 0.395540865625 0.36167067343750003 0.3125 0.366040865625 0.290646634375 0.383521634375 0.40865384687499995 0.378060096875 0.395540865625 0.36167067343750003
2 0 0.226158653125 0.071021634375 0.229435096875 0.3583918265625 0.041499999999999995 0.1813822109375 0.00330048125 0.08413461562499999 0.008740384375 0 0.10815144218749999 0 0.226158653125
2 0.751747596875 0.36385576875000003 0.751747596875 0.33216826875 0.7419134609375 0.33216826875 0.7014855765625 0.34090865312499996 0.7025793265625 0.34090865312499996 0.7014855765625 0.366040865625 0.751747596875 0.36385576875000003
2 0.6708918265625 0.33872355781249996 0.5681826921875001 0.3441875 0.541959134375 0.3704110578125 0.6697980765625 0.366040865625 0.6708918265625 0.33872355781249996
2 0.9232956734375 0.31905528906249997 0.8380673078124999 0.32561298125000004 0.844625 0.3583918265625 0.9232956734375 0.354021634375 0.9232956734375 0.31905528906249997
2 0.997596153125 0.314685096875 0.935314903125 0.31905528906249997 0.935314903125 0.3507427890625 0.997596153125 0.3507427890625 0.997596153125 0.314685096875
2 0.13433173125 0.72398076875 0.1032235578125 0.687216346875 0.0975673078125 0.6334831734375 0.073528846875 0.6405552890624999 0.056560096875 0.6136874999999999 0.0296947109375 0.6207572109374999 0.0014134609375 0.5896490390625 0 0.6094447109375001 0.14564423124999998 0.7904423078125 0.16685576875000002 0.7833701921875 0.1654423078125 0.732466346875 0.13433173125 0.72398076875
2 0.7367091343750001 0.997596153125 0.732466346875 0.9445697109375001 0.6433822109375 0.8795240390625001 0.412896634375 0.9572956734375 0.16685576875000002 0.7466057687500001 0.16261298125 0.81023798125 0.35916346093749996 0.997596153125 0.42844951875000004 0.997596153125 0.7367091343750001 0.997596153125
1 0 0.997596153125 0.3549206734375 0.997596153125 0.1640264421875 0.80316826875 0.16119951875 0.78195673125 0.14423076875000002 0.79185576875 0.090497596875 0.72398076875 0.0240384609375 0.6462115390625 0 0.5995480765625001 0 0.6037884609375 0 0.997596153125